% time     seconds  usecs/call     calls    errors syscall
------ ----------- ----------- --------- --------- ------------------
 40.59    0.061462          13      4617           write
 15.74    0.023837           4      5654           lseek
 13.69    0.020724           4      4156           statx
 11.09    0.016787           8      2070           read
 10.55    0.015969           7      2152           mprotect
  2.83    0.004287           7       548           pread64
  2.36    0.003574         357        10           fdatasync
  1.12    0.001694         112        15           madvise
  0.61    0.000920         460         2           unlinkat
  0.27    0.000410         205         2           futex
  0.25    0.000373          18        20         3 openat
  0.15    0.000229           4        54           brk
  0.15    0.000224           8        28           mmap
  0.12    0.000176          88         2         1 mkdir
  0.08    0.000117           6        17           close
  0.07    0.000106          53         2           mlock
  0.07    0.000102          17         6           clone3
  0.04    0.000063           7         8           pwrite64
  0.04    0.000057           3        15           rt_sigprocmask
  0.04    0.000055          55         1           fsync
  0.03    0.000038          19         2           unlink
  0.02    0.000037          37         1           linkat
  0.02    0.000029           9         3           munmap
  0.02    0.000028          14         2           getdents64
  0.02    0.000026           4         6           rt_sigaction
  0.01    0.000018           9         2           flock
  0.01    0.000017           5         3           sigaltstack
  0.01    0.000013           2         6           fstat
  0.01    0.000013           6         2           sched_getaffinity
  0.01    0.000010           5         2           getrandom
  0.01    0.000009           4         2           getpid
  0.01    0.000008           4         2           prlimit64
  0.00    0.000005           5         1           poll
  0.00    0.000004           4         1           arch_prctl
  0.00    0.000004           4         1           set_tid_address
  0.00    0.000004           4         1           rseq
  0.00    0.000003           3         1           set_robust_list
  0.00    0.000000           0         1         1 access
  0.00    0.000000           0         1           execve
  0.00    0.000000           0         2           fcntl
------ ----------- ----------- --------- --------- ------------------
100.00    0.151432           7     19421         5 total
