% time     seconds  usecs/call     calls    errors syscall
------ ----------- ----------- --------- --------- ------------------
 33.83    0.038355         242       158           brk
 11.85    0.013433           7      1838           mprotect
  7.76    0.008795          43       200           fdatasync
  7.01    0.007951           4      1782         2 statx
  6.31    0.007153           7       982           pread64
  5.47    0.006204         159        39           unlink
  4.43    0.005018          22       221           write
  4.25    0.004820          38       125         2 futex
  4.03    0.004564          11       385       120 openat
  2.43    0.002759          17       160           pwrite64
  2.25    0.002550         318         8           munmap
  2.12    0.002402          20       120           clone3
  2.04    0.002315           9       243           rt_sigprocmask
  1.91    0.002162           4       447           read
  1.24    0.001404           5       265           close
  1.11    0.001263           3       382           lseek
  0.62    0.000707          35        20           fsync
  0.38    0.000430          21        20           linkat
  0.26    0.000295           8        33           mmap
  0.17    0.000198           4        40           flock
  0.16    0.000176           4        41           sched_getaffinity
  0.10    0.000118          11        10           madvise
  0.09    0.000105           5        20        20 mkdir
  0.06    0.000066           3        20           getpid
  0.04    0.000045          22         2           mlock
  0.02    0.000024           4         6           rt_sigaction
  0.01    0.000014           4         3           sigaltstack
  0.01    0.000008           4         2           prlimit64
  0.00    0.000005           1         5           fstat
  0.00    0.000005           5         1           poll
  0.00    0.000005           5         1           arch_prctl
  0.00    0.000005           5         1           set_tid_address
  0.00    0.000004           4         1           set_robust_list
  0.00    0.000004           2         2           getrandom
  0.00    0.000004           4         1           rseq
  0.00    0.000000           0         1         1 access
  0.00    0.000000           0         1           execve
------ ----------- ----------- --------- --------- ------------------
100.00    0.113366          14      7586       145 total
