% time     seconds  usecs/call     calls    errors syscall
------ ----------- ----------- --------- --------- ------------------
 41.61    0.074016          16      4617           write
 18.24    0.032441           5      5654           lseek
 12.08    0.021488          10      2070           read
 10.16    0.018077           6      2609           statx
  9.84    0.017494           8      2152           mprotect
  3.36    0.005978          10       548           pread64
  1.62    0.002889         288        10           fdatasync
  0.98    0.001746         134        13           madvise
  0.49    0.000877         438         2           unlinkat
  0.41    0.000730         730         1           execve
  0.24    0.000431          15        28           mmap
  0.19    0.000342          57         6           clone3
  0.13    0.000231           4        54           brk
  0.12    0.000209          10        20         3 openat
  0.12    0.000208         104         2         1 mkdir
  0.08    0.000137          17         8           pwrite64
  0.08    0.000136           9        15           rt_sigprocmask
  0.05    0.000097          48         2           mlock
  0.05    0.000083           4        17           close
  0.02    0.000043           7         6           fstat
  0.02    0.000039          13         3           munmap
  0.02    0.000033           5         6           rt_sigaction
  0.02    0.000032          16         2           getdents64
  0.01    0.000016           5         3           sigaltstack
  0.01    0.000012           6         2           fcntl
  0.01    0.000012           6         2           sched_getaffinity
  0.01    0.000011           5         2           prlimit64
  0.01    0.000009           4         2           flock
  0.00    0.000008           4         2           getrandom
  0.00    0.000007           7         1           poll
  0.00    0.000007           7         1         1 access
  0.00    0.000006           6         1           rseq
  0.00    0.000005           2         2           getpid
  0.00    0.000005           5         1           arch_prctl
  0.00    0.000005           5         1           set_tid_address
  0.00    0.000005           5         1           set_robust_list
  0.00    0.000000           0         1           fsync
  0.00    0.000000           0         2           unlink
  0.00    0.000000           0         1           linkat
------ ----------- ----------- --------- --------- ------------------
100.00    0.177865           9     17870         5 total
