% time     seconds  usecs/call     calls    errors syscall
------ ----------- ----------- --------- --------- ------------------
 14.65    0.007853           5      1398           mprotect
 11.47    0.006147          30       200           fdatasync
  9.15    0.004903           6       702           pread64
  8.33    0.004465           4      1102         2 statx
  6.76    0.003625          24       150         4 futex
  6.75    0.003616           9       385       120 openat
  5.70    0.003052          18       161           write
  5.53    0.002964         370         8           munmap
  4.82    0.002583          66        39           unlink
  4.21    0.002254          18       120           clone3
  3.78    0.002027           4       447           read
  3.78    0.002023          12       160           pwrite64
  3.46    0.001853           7       243           rt_sigprocmask
  2.78    0.001490          67        22           brk
  2.32    0.001242           4       265           close
  1.91    0.001023           3       322           lseek
  1.27    0.000679          33        20           fsync
  0.79    0.000425          21        20           linkat
  0.75    0.000403         403         1           execve
  0.52    0.000278           8        33           mmap
  0.34    0.000180           4        40           flock
  0.30    0.000160           3        41           sched_getaffinity
  0.18    0.000099           4        20        20 mkdir
  0.11    0.000059           2        20           getpid
  0.06    0.000034           6         5           fstat
  0.06    0.000030          15         2           mlock
  0.05    0.000027           2        10           madvise
  0.05    0.000026           4         6           rt_sigaction
  0.03    0.000018           6         3           sigaltstack
  0.02    0.000009           4         2           prlimit64
  0.02    0.000009           4         2           getrandom
  0.01    0.000006           6         1           poll
  0.01    0.000006           6         1         1 access
  0.01    0.000005           5         1           arch_prctl
  0.01    0.000005           5         1           set_tid_address
  0.01    0.000005           5         1           rseq
  0.01    0.000004           4         1           set_robust_list
------ ----------- ----------- --------- --------- ------------------
100.00    0.053587           8      5955       147 total
